16 14 
9 14 
7 12 
6 16 
6 1 
18 15 
4 17 
7 11 
4 15 
6 8 
13 11 
15 10 
3 14 
13 6 
18 11 
18 8 
9 19 
10 19 
12 3 
14 6 
11 15 
19 17 
15 18 
13 17 
10 18 
14 17 
19 18 
11 12 
8 14 
11 0 
1 12 
10 2 
14 12 
14 5 
5 11 
10 6 
17 9 
16 1 
11 9 
5 13 
15 18 
18 17 
19 3 
18 19 
4 9 
3 3 
6 9 
7 17 
0 5 
13 5 
8 15 
16 4 
17 5 
12 0 
2 1 
7 0 
14 13 
19 6 
15 12 
16 9 
0 19 
12 3 
9 10 
8 13 
17 15 
18 19 
7 17 
3 4 
2 18 
12 9 
17 3 
8 14 
4 18 
9 1 
13 7 
1 12 
4 12 
16 11 
2 6 
5 14 
4 4 
17 13 
8 3 
19 10 
4 5 
15 1 
5 15 
2 7 
8 2 
4 16 
3 1 
13 6 
2 5 
8 16 
8 15 
2 9 
19 10 
16 10 
16 10 
9 10 
4 5 
6 11 
12 5 
3 3 
6 3 
19 11 
14 10 
5 17 
5 1 
15 13 
1 11 
19 12 
6 1 
1 12 
19 1 
15 4 
18 6 
9 12 
7 8 
6 11 
19 7 
3 5 
2 5 
7 4 
18 8 
19 7 
15 10 
5 0 
5 3 
12 3 
5 2 
3 12 
9 16 
0 16 
13 6 
15 1 
2 1 
7 15 
15 7 
5 2 
7 2 
5 9 
16 14 
11 18 
5 18 
3 8 
18 11 
4 6 
13 19 
18 10 
