19 16 6 
12 0 11 
12 9 11 
6 17 8 
16 9 16 
17 18 6 
14 13 4 
6 18 5 
12 0 15 
19 5 19 
6 12 16 
2 3 15 
19 14 19 
15 1 19 
6 9 3 
3 15 17 
12 16 4 
4 9 1 
1 11 0 
17 10 2 
6 4 17 
4 17 14 
3 6 11 
18 3 19 
17 12 16 
16 4 7 
15 13 5 
7 16 5 
13 18 3 
18 4 11 
4 17 16 
0 16 9 
14 12 7 
18 8 6 
7 6 14 
8 7 16 
19 1 1 
5 8 13 
18 12 12 
14 2 17 
12 9 17 
15 1 15 
14 16 0 
8 7 14 
14 10 19 
3 13 10 
10 5 4 
19 16 0 
10 8 5 
17 19 8 
0 5 7 
9 12 16 
3 6 3 
4 15 10 
3 10 10 
11 3 19 
17 15 11 
11 3 3 
8 3 11 
6 2 5 
16 17 12 
10 17 5 
14 4 0 
1 11 14 
18 18 7 
10 18 13 
0 14 3 
16 16 10 
0 9 5 
9 13 12 
9 14 0 
8 7 12 
19 14 19 
7 14 7 
7 6 10 
19 14 10 
3 14 13 
11 15 19 
2 14 11 
16 8 11 
3 2 10 
18 3 14 
7 6 5 
16 11 18 
11 4 6 
4 6 19 
5 10 9 
4 6 3 
3 9 0 
4 8 16 
12 9 11 
0 8 8 
5 5 6 
13 10 15 
14 15 5 
0 16 11 
6 4 16 
15 13 15 
4 2 6 
18 0 2 
